93
gnm1      0 4.98384398501913 4.70147545397342 3.56521407768356 4.83715300747154 4.79718010620044 4.34128524690964 3.82135915216715 4.97862987025203 4.81988811948239 4.88228236669128 4.86851589232099 4.88040451707614 4.75411005658813 3.86751731311656 4.34718792853689 3.58044919200839 3.61487113808978 3.63358164903407 3.6986762988478 3.4243755391136 3.40787470261747 4.74924772698457 4.6832567708237 4.69358381597687 4.71847281427208 5.41929177569968 4.23349252049266 4.67134772118014 3.64025000505119 0.502408762218955 6.40416700316051 5.1900190485016 4.32832896266646 4.4798738574937 4.08933434368026 4.27560880872565 3.79897480820811 4.34128524690964 4.60621321329852 4.29454879497566 4.4841711034691 3.72865466525588 3.6212672201508 3.9747002176079 4.41930664043482 3.61446836062517 3.94492821628155 4.34398553714205 4.42160924414349 6.38233064698941 4.35090014243571 4.29196616508149 3.93456436080186 4.35269468469245 4.42943316137615 4.53133677757395 4.29186699448631 4.68711741499795 3.90306988368932 4.19112355739845 4.09334947006846 4.53805552066361 4.4387161639509 4.12152317176742 3.59368972275086 3.51895911282083 3.63971970949703 3.63358164903407 3.4829723222502 4.38124885632496 3.70739174291783 4.73350936460545 4.69782779227639 6.79051369476004 4.47961444290937 3.54633396047449 1.12389657500626 4.12562515219204 4.25632287063304 4.03024634019984 4.14507484663395 4.63993026313814 4.38374678654527 3.892180331282 4.54224259252146 4.20847669872216 7.10355642251152 7.08479633769618 2.23269975199188 1.33066117221139 3.57670175124403 3.92388367054877 
gnm2      4.98384398501913 0 1.068768776976 5.06772091556736 1.30660748580598 1.33263249252144 5.69754120559863 5.34599351502304 1.36270065434807 1.35356434267525 1.2558137317235 1.31134076790561 1.26144471827463 1.40999846671881 5.60735855324336 3.11310571891744 5.3548312858187 5.09132301471735 5.10537339953105 5.11131391710877 4.89699140999001 4.84777253368734 1.4927151444443 1.32741445968663 1.350483033631 1.3123556682834 6.05357487803709 3.2140648384883 1.31108516419608 5.10001476243878 4.97758441726111 6.82417192795114 6.04025789218133 5.51619550218907 5.57259493613441 5.29379578736778 5.61644464921149 5.54510992129408 5.69754120559863 1.76763199427446 3.47523970683597 1.76713389619588 5.10037634501832 5.06605451947152 5.55055366286698 3.22913932146453 5.09104476096055 4.92199454162551 5.69354378395056 3.24136183917064 6.7744417049485 5.70372032457819 5.76971266929308 5.60596442623754 1.57328410658066 1.43295077130675 1.5893483445694 5.59360097978091 1.3743689843536 5.54548985157395 5.36987113712059 5.62898111683966 5.42049750074306 5.86202073568112 5.3230128913182 5.08398035199661 4.96106299168052 5.13049574743819 5.10537339953105 5.13748840408561 5.38579829914586 4.96131465639038 1.52639600320201 1.33548066611206 7.43742145503577 1.85845052008553 5.03442391712221 4.81513402444423 5.1482254086478 4.91917651819918 4.87471976442642 5.39153589466935 1.29573907217699 5.3430528363675 5.55110368068177 5.42020128733245 3.1762186641944 7.71281005412179 7.6903622809648 5.31933065046117 5.36886930795118 5.35372838852198 5.46814642346241 
gnm3      4.70147545397342 1.068768776976 0 4.63187969519253 1.04831837829686 1.07584205493676 5.40402146578653 5.11631238293279 1.10818579327888 1.15503931787213 1.0739433191563 1.07779505187844 1.07388857300108 1.16769506423533 5.07081143883891 3.00124399607206 5.00399821003178 4.65965649584561 4.65729726288324 4.68000544541207 4.53009254343347 4.48874215458569 1.07223208089704 1.06192754479759 1.09180440914535 1.05502172870284 5.94088772601295 3.05649144045355 1.05301119609263 4.6717412390199 4.69937424946742 6.6319085149083 5.89426810723169 5.23952865541936 5.27059007210463 5.12275219052805 5.34683044410971 5.25327177347651 5.40407608986402 1.48729202955056 3.1140777841007 1.31609082240916 4.81230682198682 4.64063709971353 5.34002944097715 3.00033981224921 4.65932488834743 4.78582221617154 5.44722815542266 3.01167781207994 6.59213949199244 5.41144428085354 5.44363728776052 5.19225413117019 1.36135440373568 1.18792280323477 1.35160986879456 5.32361225737301 1.16872437979979 5.35898648978725 5.20013643445385 5.41627360724886 5.14529082153879 5.40715252763569 5.15084068499667 4.65310912894192 4.5794588604189 4.68469362503555 4.65729726288324 4.53707229007876 5.22905584605707 4.75662505993678 1.2569930961478 1.07658194461984 7.28718474876629 1.39593590099066 4.59811469534893 4.50803447243306 5.03700125108035 4.84631524953693 4.74645545690842 5.03089345474028 1.0739241896733 5.18524463550196 5.26965617366628 5.14411484486371 3.02210660331705 7.57356556646829 7.55700294363978 4.99656562515752 5.03606731880053 5.00274932986282 5.10016959911349 
gnm4      3.56521407768356 5.06772091556736 4.63187969519253 0 4.81882965892891 4.74536892435915 4.66459601255932 4.34157808655976 4.94725195117609 4.85292995620238 4.85275195434412 4.81815534432625 4.83555575039039 4.71554636261855 4.59635311320455 4.93375735746531 4.21124670810869 0.737184173296601 0.74887372349129 1.20726314641775 0.808716849089325 0.737354100722354 4.61037416970716 4.64371919978769 4.64167387408052 4.66906824494442 5.77722707454328 4.62636694401925 4.64804377876427 0.800222701411602 3.55562765097944 6.49527963585937 5.4151066241499 4.82659951434156 4.71246328181234 4.57643005884615 4.56525110992149 4.32139550556303 4.66466702027182 4.58835788187997 4.45125062366111 4.57698840587769 4.71921694902069 0.858905963156253 4.55924967204348 4.58280041246793 0.739736644093528 4.78817501882928 4.75272627955738 4.5849835847553 6.4866508034975 4.65694231633047 4.70495511296021 4.67141293541944 4.42322237214439 4.30097160439994 4.46503389111473 4.58890982836233 4.59201194151561 4.43117930721073 4.62615367709599 4.55091566070047 4.64810039450467 4.60221198039874 4.5763565467844 0.802752296360369 0.801501765509397 0.84130463288059 0.749700948138321 1.08978308613467 4.76045559206037 4.77884119592244 4.70431625432724 4.64940888701865 7.05468920610896 4.45461680569801 0.804950007229285 4.22935812979943 4.51688188810902 4.57180083620004 4.31775064294514 4.53982672155558 4.53287394279548 4.799748074993 4.35874782869269 4.63874660348273 4.85643272273043 7.44488946006524 7.43709268224175 3.86858151925961 3.82631604546473 4.2080152310017 4.77859365044989 
gnm5      4.83715300747154 1.30660748580598 1.04831837829686 4.81882965892891 0 1.0069667508714 5.72811427365743 5.46089171301127 1.00682904851991 1.12873023937457 1.01562996664312 1.00032156184095 1.00678587345764 1.11494341208372 5.37559194730888 3.16644030133005 5.25939243231114 4.85540342390422 4.85390185877028 4.79419529989009 4.76911132734608 4.7007442509031 1.0170756222988 1.00920780266504 1.03349619059952 0.993123871283512 6.05798884975702 3.20272189383677 0.981769873708531 4.85050834958421 4.83232349582612 6.92378982009677 5.96882674275377 5.33515832681602 5.69062989745612 5.48194352563602 5.59372415082937 5.56315090275114 5.72811427365743 1.42699719264153 3.20175605820807 1.28490797262457 5.15654678420759 4.81570913943798 5.62398131421793 3.15425273909728 4.85439597044806 5.17315619377806 5.76440884935593 3.17024311964055 6.88949938397278 5.73507919013993 5.76191018968586 5.49515130138462 1.4015121110834 1.28780975468593 1.30515712484818 5.57486151887724 1.26063810450582 5.60876091026577 5.56278939445043 5.61326346310249 5.52374099344009 5.71649941970859 5.51877168213739 4.84453458598865 4.83020697824723 4.86414439630486 4.85390185877028 4.80556050874549 5.62060474238488 5.1711764410176 1.28081835851825 1.01604432407984 7.47983321287138 1.36440789497377 4.79633001140015 4.74113404328715 5.44721498619705 5.30391824643741 5.20499729694407 5.43021883736479 1.15696967617526 5.58340545400725 5.55693913257641 5.53348136418431 3.18420762711459 7.76751061713872 7.75487032188445 5.19707519602899 5.18855633982997 5.25714406393667 5.35301291850994 
gnm6      4.79718010620044 1.33263249252144 1.07584205493676 4.74536892435915 1.0069667508714 0 5.68839452536804 5.42434521735996 0.979001080074274 1.19108195821027 1.03895231143865 0.996288156033956 1.0502872045789 1.02544910047954 5.51721209598645 3.06826132912501 5.16049285180737 4.78283112043117 4.78102783373895 4.72023826990792 4.69312474537671 4.74198454502128 1.00464330599413 1.04162973810363 1.00975590906252 0.989281826962373 6.03868899287796 3.07293824812436 0.987921881550361 4.77732608890877 4.79261913657612 7.03213302223807 6.07992597641681 5.31749986563407 5.6273079178567 5.47528636514507 5.53781230243076 5.50498746037903 5.68839452536804 1.20261667578771 3.06455022033722 1.29540807240084 5.18801207864516 4.74082485485841 5.52589169854577 3.07790047380141 4.78178007848102 5.12598345620444 5.73763603024036 3.08937054690246 6.99637960967923 5.69500804393866 5.7243642404303 5.44685240922585 1.42761049597503 1.2612358327671 1.228606304329 5.50991634093191 1.16920818802035 5.5108519394999 5.55860176263786 5.57318552281555 5.46609441490111 5.62849727373941 5.51348364252991 4.77153683637092 4.85713867882232 4.79223390527356 4.78102783373895 4.73892832438977 5.61949343880025 5.1087909411771 1.30189541230653 1.01006499076436 7.55967385872673 1.34099939300599 4.72053036468605 4.73498593958075 5.44958407530484 5.3396934119377 5.15944337128025 5.56036369250921 1.16896587698605 5.59238175044564 5.49027556664254 5.47587926290493 3.07617978502872 7.84542647803039 7.83404587790797 5.22951398398199 5.22647068235526 5.15812388116296 5.3204733451174 
gnm7      4.34128524690964 5.69754120559863 5.40402146578653 4.66459601255932 5.72811427365743 5.68839452536804 0 2.59010529333755 5.86476862114871 5.69098906917747 5.73870783481588 5.74501314314144 5.73720060061424 5.64095287088599 3.39455592398687 5.37880722341456 3.18299490355345 4.68463014147605 4.69063143323554 4.58165665052425 4.58660197330951 4.47172270618681 5.56974100650353 5.5734972112308 5.62700521094514 5.62830655644121 5.69754159377664 5.04417776178057 5.60096898296812 4.69194550470838 4.37995435765373 6.37283040602421 5.90046973078625 4.93426501076786 3.17930534355053 2.28826017993781 3.25444791699219 2.56600667780676 0.46795198508336 5.62300678829481 5.22949671795284 5.44344505186329 3.3128510936124 4.70443982283677 2.87763614653808 5.18895588872655 4.68516887053225 3.57842978234435 1.20865391012666 5.19040304742615 6.35763079099284 0.935281770425316 1.22470202658581 3.3638350631176 5.28104078488109 5.30675114155397 5.47985801513597 3.19639123662997 5.57415430676767 2.70838460885074 2.39538563078577 2.32272593212475 3.28020171844302 3.24364549296125 2.36278054270061 4.66969999747302 4.66347676791425 4.6898279813589 4.69063143323554 4.53153868071523 1.30813319010504 3.36672942543826 5.61037064278653 5.6143669229161 6.69847422812941 5.41774137993107 4.69100405681931 4.42327269845467 2.77139016073821 2.83223234894182 3.23005068863181 3.18742585866498 5.46164564887917 1.34543404128501 2.55933457190295 3.27412548643845 5.31785092436204 6.97892049115488 6.92455226479712 4.7652239825548 4.66449032784313 3.1836725202122 3.21220034286258 
gnm8      3.82135915216715 5.34599351502304 5.11631238293279 4.34157808655976 5.46089171301127 5.42434521735996 2.59010529333755 0 5.6135111283072 5.43555940710209 5.48042356909533 5.45551420952996 5.4785331473956 5.38374451673305 2.74472029398453 5.02750524050666 2.61414174432983 4.3733335894075 4.38322594018687 4.32721693403893 4.25023086628611 4.15709281394682 5.3406461748427 5.3086670680955 5.33921406523848 5.34701920608101 5.40884075503071 4.7794270719659 5.32692384423583 4.34989014773323 3.81726128263853 6.16965304182851 5.50652448687797 4.66708290893636 3.17017263103741 2.52147556611773 3.12374605533221 0.507153453847839 2.59014286125998 5.54537764768771 4.91914896244176 5.29749153363201 2.74233876079431 4.35584316781125 2.0287692518298 4.9496524169338 4.37269998254566 2.57060746763767 2.56531502096349 4.95172583270107 6.14385763561828 2.59825036121355 2.50371885576842 2.63780914351417 5.12192646558856 5.19882240141684 5.21516387919242 3.11728470054274 5.51082343711832 1.94282164155484 2.61672333426888 2.61811659544132 3.12880807115054 3.15906511272154 2.62789330840305 4.32706423869173 4.37335215779278 4.35164975319163 4.38322594018687 4.31425666210127 2.45773063531232 2.73250271930499 5.48751916319285 5.34092038077398 6.79159064445526 5.39400968677954 4.35376769338727 4.00301914809314 1.90123929433621 2.10947560411056 2.68792976874934 2.80331043543273 5.36220347967708 2.54844943535489 0.969581810927267 3.11644499715923 4.9402140305412 7.00903469793731 6.927682178578 4.22425746525477 4.21285277632683 2.61478281141029 2.68225638662429 
gnm9      4.97862987025203 1.36270065434807 1.10818579327888 4.94725195117609 1.00682904851991 0.979001080074274 5.86476862114871 5.6135111283072 0 1.19265395007113 1.07485935674282 1.05226836855521 1.06646160920191 1.08000341199703 5.6994183505376 3.20807561565852 5.30888157034203 4.98423472057181 4.98270085369441 4.92676056294073 4.89365659785615 4.98018961879767 1.07470573114773 1.10172548781526 1.0918549079849 1.0515839712657 6.15661541634902 3.25646973850034 1.05486770114992 4.97879583702766 4.97380176012095 7.16325302981273 6.23674439090709 5.51943474139748 5.73483436431507 5.62910384540571 5.71259305955662 5.7159384863436 5.86476862114871 1.34456424929437 3.25022580038842 1.3109449069861 5.34869318576945 4.94510737944048 5.66977927967354 3.26834074141374 4.98325155601046 5.19858260061139 5.92939794833295 3.28422047783664 7.12328129295063 5.87161585741657 5.89944115612236 5.60406183710365 1.47263296999297 1.3619063680688 1.3797113236612 5.64492592075169 1.18464711197771 5.65463343165094 5.7090694666376 5.75967463037461 5.56847982016436 5.76129649747175 5.66524392439075 4.97406622105037 5.09540913135386 4.993951204052 4.98270085369441 4.93109934857217 5.75815341314642 5.21790143479214 1.32396196074552 1.07551389766452 7.70258267919948 1.40251560044 4.92553273890571 4.87911399708176 5.58635229595005 5.45425132956542 5.25180291767524 5.71415592921822 1.20091350403406 5.74740530802638 5.70767873238853 5.57812198298992 3.23004804350536 7.98788035197091 7.97429417924715 5.3746868523143 5.38299233285719 5.30665732030063 5.47569292027125 
gnm10     4.81988811948239 1.35356434267525 1.15503931787213 4.85292995620238 1.12873023937457 1.19108195821027 5.69098906917747 5.43555940710209 1.19265395007113 0 1.11152168823822 1.17863591368771 1.10343428608446 1.29203492485977 5.35554847553913 3.05360525857326 5.24022736703668 4.88966464397922 4.8884444332388 4.84000226404407 4.80993717430556 4.73126885451649 1.19781784370646 1.18605645117532 1.21079283493267 1.17131520232576 6.00190942665846 3.08148765382829 1.16707520395963 4.88428761528629 4.81543910820215 6.90590302355286 5.8903822202977 5.37295691977144 5.72348594899977 5.47298285758258 5.62839433321298 5.53826848578014 5.69098906917747 1.58471880105643 3.13246478407641 1.47283953585765 5.15620329027931 4.85641534769041 5.61539137368406 3.07779025838448 4.8891051920381 5.16292952517924 5.70540172285769 3.09395152767886 6.86972685512225 5.68602818199358 5.73891873992108 5.47080378818614 1.30444494667205 1.35607807248655 1.38307202817508 5.60939011971675 1.34109213497805 5.57358320714208 5.55158426799948 5.60344322620172 5.55520618160582 5.7506704885151 5.50739356824982 4.88452195166249 4.86240363867835 4.89877161122602 4.8884444332388 4.83723543338506 5.59637052091235 5.11017099198408 1.27664157252923 1.20190549189173 7.46869695390168 1.50494531312454 4.82946015785227 4.67968779858341 5.39165470749137 5.23762014084586 5.14552941795874 5.34900671684194 1.14587861490636 5.55890467216552 5.52642212186515 5.56595794050096 3.10408775857808 7.75757808170503 7.74453217628474 5.16654132486365 5.11333135267955 5.23795530193642 5.31721217696615 
gnm11     4.88228236669128 1.2558137317235 1.0739433191563 4.85275195434412 1.01562996664312 1.03895231143865 5.73870783481588 5.48042356909533 1.07485935674282 1.11152168823822 0 1.02378855101142 0.964445339452757 1.14341068970271 5.41293016481637 3.12861483194366 5.30247092128208 4.88914195437484 4.89806973667496 4.83132236562322 4.79833214285712 4.72930770097697 1.05013524341744 1.05111553058614 1.06450349104075 1.02558996563897 6.05494165395794 3.16323117711168 1.01488770297029 4.8840717047341 4.87789139472653 6.95137223342977 5.94906591674592 5.3763227757654 5.71536370912794 5.5151804269224 5.62148506083269 5.58195346622005 5.73870783481588 1.46059867265479 3.19703864050586 1.34327759558771 5.21778003278514 4.84956366051714 5.65523526713707 3.15434153265748 4.88858721164153 5.2195692994839 5.75772900309583 3.17024330181118 6.91506535388277 5.73918836024589 5.79072298858547 5.52691055519578 1.42220715688451 1.28055715757415 1.33535865261023 5.60193552193778 1.23114039155955 5.62499546156713 5.59301335721784 5.64391938985305 5.54914709044409 5.7422863828343 5.54932355603883 4.87914647638881 4.85937001426522 4.89841671393555 4.89806973667496 4.83653380767237 5.65047575819742 5.17484578391578 1.27107437875668 1.04920060375001 7.50459811896056 1.39534681492598 4.8270545998229 4.73875135427645 5.43797173519695 5.28142345473489 5.20743098060173 5.4063542625995 1.13583783731765 5.61290490800026 5.56948163998356 5.55985893964737 3.16225490282055 7.78829865073629 7.77531202476524 5.22817501220804 5.17009554653611 5.3002588632675 5.37448325556113 
gnm12     4.86851589232099 1.31134076790561 1.07779505187844 4.81815534432625 1.00032156184095 0.996288156033956 5.74501314314144 5.45551420952996 1.05226836855521 1.17863591368771 1.02378855101142 0 1.03744673392281 1.1054349523179 5.42694113396974 3.1934104540267 5.26328907964086 4.85469778000246 4.85291329664213 4.79504766062552 4.76578296048485 4.69511481340863 1.00877553651551 0.997956342754333 1.02284026567867 0.981254320656983 6.07137446928369 3.17083981480852 0.985799293001873 4.8490082653262 4.8640909128732 6.99035267749063 5.99216864007574 5.35017044981119 5.69497582754344 5.51472422939245 5.59860888790579 5.55765936214498 5.74501314314144 1.41921363572902 3.23845741040024 1.31440991084292 5.20025177351014 4.80856215643193 5.62190111410802 3.19851786953347 4.85369249244328 5.17277176414741 5.8004395588156 3.21455217568815 6.95315832078284 5.75100352060719 5.7790833783399 5.51749871743177 1.43127824692286 1.30987949709554 1.28817444994142 5.58213440258672 1.2426197083959 5.60646260311887 5.59528156078426 5.64626137484412 5.54114830689595 5.73469580156144 5.55132513102926 4.84410709447725 4.82410875669658 4.86294628797103 4.85291329664213 4.80726653016692 5.63745442256967 5.17871102087353 1.29838441573024 1.00407674196813 7.54639559105876 1.37513696950831 4.79419959184199 4.78594557284864 5.44466535082857 5.31234041649146 5.19155677420788 5.48046316729487 1.17278272145851 5.61909692540299 5.54468886714211 5.55062699823386 3.21104150504483 7.83479393547622 7.82046687496766 5.25661436255389 5.23985197237298 5.26104399444187 5.39162667189499 
gnm13     4.88040451707614 1.26144471827463 1.07388857300108 4.83555575039039 1.00678587345764 1.0502872045789 5.73720060061424 5.4785331473956 1.06646160920191 1.10343428608446 0.964445339452757 1.03744673392281 0 1.15086943183863 5.41268786484198 3.12135158736613 5.29923830290868 4.87196873462723 4.87881530661995 4.80966662648667 4.79598533696402 4.72604392989304 1.05494869596624 1.04766531774951 1.07162486361449 1.03772155224546 6.05200067532447 3.16688782251852 1.02738393704188 4.8783698275277 4.87600766236039 6.94831655034297 5.94788445454606 5.37286499721113 5.71835562123864 5.51377543027374 5.6234846992797 5.58019714706385 5.73720060061424 1.46110220375047 3.19100959977113 1.3348062692905 5.21705487170333 4.83256968475426 5.65370801607604 3.14789617678558 4.87139961245039 5.21903370592 5.75959682990554 3.16382216346038 6.91198266002624 5.73772688139786 5.78988807014232 5.52594549839578 1.41694566511812 1.27653959687193 1.34962675293849 5.60392423738055 1.22215666644744 5.61405559050012 5.59151956013278 5.64273921008966 5.55174045649944 5.74520327794431 5.5477296297474 4.87319799509982 4.85679812564635 4.89072004282495 4.87881530661995 4.81847203451567 5.65218594456653 5.16970454095992 1.26052609553844 1.0625811856142 7.50279881582265 1.39680152127949 4.82437172363514 4.73701504628388 5.43380459242899 5.27980561297724 5.20394494918285 5.40783515297865 1.14451469541218 5.61462075693209 5.56816221599021 5.56246208547422 3.15470182612337 7.78761982916738 7.77466724446503 5.22624003193673 5.16894624555573 5.29702155133504 5.37349512690567 
gnm14     4.75411005658813 1.40999846671881 1.16769506423533 4.71554636261855 1.11494341208372 1.02544910047954 5.64095287088599 5.38374451673305 1.08000341199703 1.29203492485977 1.14341068970271 1.1054349523179 1.15086943183863 0 5.50671795074165 3.07945103916049 5.12311185518943 4.75214452502458 4.75001070267718 4.69336592984156 4.75460581851886 4.75475318556015 1.1115201758285 1.19151117912795 1.11713236165939 1.10031477683497 5.97043435910784 3.08540813567692 1.10245878289764 4.74736340023923 4.74969340442045 6.98232742214538 6.04720286337825 5.23414554283672 5.5871977883065 5.46064679238137 5.49501746319763 5.45794548019255 5.64095287088599 1.29324273896834 3.08738402415931 1.35066432729231 5.21576599318396 4.70985581437572 5.48860844572074 3.11721952478527 4.75111844866446 5.13203461371944 5.68917838971809 3.12838375439598 6.93563231777064 5.64659075006805 5.67401094858072 5.40207407825038 1.52956551235131 1.36474554259736 1.33839900682215 5.46238907629297 1.26114788638193 5.58617478636021 5.54076899678866 5.53985394271697 5.43278335939107 5.5764106134124 5.4965396898035 4.7407318890973 4.82963698738499 4.76090463901726 4.75001070267718 4.8308668034141 5.58649981941632 5.0960749366135 1.39920999116118 1.1830628844047 7.46707139854162 1.66223296352565 4.69160501534509 4.8084193078601 5.43829210629736 5.34285026140365 5.13190194660857 5.53842932344953 1.2722603897682 5.5757391066583 5.44486234968219 5.44314298850059 3.08886939199716 7.85549843371945 7.84020788279599 5.1775213109721 5.17353828722752 5.12078591153861 5.39528321515922 
gnm15     3.86751731311656 5.60735855324336 5.07081143883891 4.59635311320455 5.37559194730888 5.51721209598645 3.39455592398687 2.74472029398453 5.6994183505376 5.35554847553913 5.41293016481637 5.42694113396974 5.41268786484198 5.50671795074165 0 4.98350709688054 2.41996331570317 4.63034681775843 4.63014503374409 4.6218394666647 4.26605293880997 4.4233642667153 5.25515122989193 5.38414302817924 5.29342158674772 5.31572707577374 5.65131169768631 4.85910326152721 5.24845557791138 4.63498498457663 3.84001220103886 6.10108790639414 5.67579821871637 4.83906624793612 3.77255893714957 3.25687424940868 3.50260836881893 2.70754067500578 3.39455552125744 5.40516491026132 5.36865919244518 5.11719614070513 2.77251381621796 4.61749216053735 2.98737385673297 5.08610950969767 4.63214291134426 2.43608099672424 3.39756685108806 5.08806357237857 6.0804321441254 3.37602689375181 3.36443179956215 2.22318903315061 4.90674507187308 4.98514069998934 5.15890432655795 3.53760233944744 5.37893332469977 2.95671806262919 3.36604392906284 3.23347667626742 3.69832493976058 3.71256468865135 3.3266394440565 4.61676346065611 4.42877845521536 4.61177368765255 4.63014503374409 4.67290112059209 3.36979624998966 2.60843201378281 5.4188919934643 5.32572045748571 6.37938529004795 5.0829375664822 4.36032204125229 4.20735427861634 3.17572430749423 3.3774967155341 2.76466379624218 3.22883558992115 5.26957426279332 3.43231709839027 2.73932375004848 3.69760823114884 4.81027831525818 6.69151543415181 6.71729603231948 4.34880384230197 4.37407645513008 2.42053986676458 2.18896068722903 
gnm16     4.34718792853689 3.11310571891744 3.00124399607206 4.93375735746531 3.16644030133005 3.06826132912501 5.37880722341456 5.02750524050666 3.20807561565852 3.05360525857326 3.12861483194366 3.1934104540267 3.12135158736613 3.07945103916049 4.98350709688054 0 4.96505339352464 4.98895177394905 4.98425139390832 4.9239784898722 4.81750605277576 4.83638223359096 3.02969286507558 3.21605775073608 3.02876652810048 3.05831955758602 5.68145227984487 2.53860677678432 3.03184633589304 5.00394752450537 4.36836046032494 6.62564907022698 5.29309936840835 5.00999610496442 5.24564681718992 5.10768142354757 5.19718892868829 5.11943522749008 5.37880722341456 2.97899320361916 2.95081147194723 3.26049481272132 4.86443986379354 4.98506234828394 5.39530140072959 2.96170340273403 4.98836372807607 4.7092518868867 5.39242102206395 2.97039498898974 6.59099159029826 5.44166710792529 5.44247624600874 4.97813738024916 2.82134929172511 3.00414702896465 2.99897510005501 5.15494441133363 3.01891322547482 5.21629405495092 5.19941601210205 5.26990251363111 5.16938616074152 5.35083503136465 5.16922723743182 4.96936423392733 4.86651055680609 4.97980592448728 4.98425139390832 4.85595152494471 5.30690219125991 4.73819279044502 2.98105804419035 3.05374767820189 7.14545659726908 3.28411488473881 4.91188236569876 4.23627462134112 4.8854536956526 4.69737226292341 4.58283187043692 4.6751081870901 3.06117925758426 5.27985888004763 5.07181946534724 5.17876992610961 1.65395351461676 7.47503683319611 7.52277890542392 4.76046311603621 4.70340686148148 4.96242324830397 4.76356822464695 
gnm17     3.58044919200839 5.3548312858187 5.00399821003178 4.21124670810869 5.25939243231114 5.16049285180737 3.18299490355345 2.61414174432983 5.30888157034203 5.24022736703668 5.30247092128208 5.26328907964086 5.29923830290868 5.12311185518943 2.41996331570317 4.96505339352464 0 4.26486429892855 4.2830588651101 4.26823427992169 4.07181434494035 3.9468651229754 5.10126111939135 5.07870787384708 5.11342588621288 5.13397160237583 5.39155780993876 4.65674313017841 5.11176376673937 4.28609198462289 3.58828842043675 5.92600202467663 5.34537413989533 4.41171484800672 3.60950597728692 3.20038601811485 3.45623332996953 2.57899024821862 3.18305060462274 5.01934700713926 4.79061504086062 5.03764950377709 1.32105219639435 4.27471127869723 2.99021457114264 4.79683979413744 4.26421037348761 2.30801128717651 3.26165421131428 4.79898129245744 5.91186885414911 3.18004538872176 3.21530797514634 2.33726645234097 4.77537008234519 4.85527029189467 5.06555761887111 3.48783496377788 5.01704123975925 2.96495450196936 3.36094080573513 3.27139991540741 3.56440214488223 3.52451643014599 3.32877820934965 4.24990587914759 4.09831779716028 4.25601507309833 4.2830588651101 4.25544491893873 3.22812550320741 1.1946254563755 5.11487306176507 5.11888385172648 6.42668936420633 4.85971457826324 4.19918479162765 3.81710495617567 2.9502582628081 3.17302417324444 2.70867862520158 2.8202023917571 4.99302016030394 3.311574722143 2.63375599767798 3.56318496514965 4.82397465089322 6.76896649361122 6.70082337526318 4.03060804750465 4.0113077712197 0.450379860295077 2.38605892875661 
gnm18     3.61487113808978 5.09132301471735 4.65965649584561 0.737184173296601 4.85540342390422 4.78283112043117 4.68463014147605 4.3733335894075 4.98423472057181 4.88966464397922 4.88914195437484 4.85469778000246 4.87196873462723 4.75214452502458 4.63034681775843 4.98895177394905 4.26486429892855 0 0.663146151308754 1.2128039510764 0.722237944360532 0.696527841326519 4.64707587758372 4.6799868533006 4.67881966270969 4.70619831346048 5.81225634354495 4.66919156975629 4.68524953863544 0.724521226480691 3.60543140203607 6.57560575119994 5.47890546814651 4.87764260293318 4.75638776588412 4.59786700718702 4.61399239038039 4.3529351216181 4.68470139582776 4.62491000533874 4.49302391434739 4.61205858775097 4.76420808184061 0.786670147613666 4.58330298702831 4.62024278799686 0.62267412788521 4.81941065607904 4.78224535579091 4.62241865586626 6.56542292922626 4.68373186665497 4.73536100266404 4.6884290241642 4.45972656503473 4.33675939654872 4.50265533013475 4.63776272976871 4.63118799092882 4.47961585945536 4.65061526205009 4.57546346992143 4.69556435560835 4.64861470192494 4.60031216508635 0.741848183696699 0.720595040723987 0.815239624810851 0.662301092460861 0.977989356980384 4.78952051312811 4.83433749497885 4.74155107690773 4.68652142508736 7.12990403109342 4.48699446652548 0.7207762723826 4.27741627760962 4.53779990400983 4.59204834353422 4.39029353471619 4.60019786155931 4.56952036910565 4.82821322148549 4.38578711785744 4.68586534290916 4.91077931893578 7.52004172208348 7.51137091826363 3.93098789479155 3.87663674312771 4.26165274369339 4.80828987314366 
gnm19     3.63358164903407 5.10537339953105 4.65729726288324 0.74887372349129 4.85390185877028 4.78102783373895 4.69063143323554 4.38322594018687 4.98270085369441 4.8884444332388 4.89806973667496 4.85291329664213 4.87881530661995 4.75001070267718 4.63014503374409 4.98425139390832 4.2830588651101 0.663146151308754 0 1.21964801899044 0.730529234148729 0.70402804413214 4.6422226995732 4.67402533582038 4.67714595060187 4.70451201079069 5.81506865680851 4.6683759332122 4.68344855605875 0.720807070027404 3.62407380864458 6.57458051365759 5.4799345784627 4.8840472307858 4.76113342326621 4.61192451254353 4.67956486323411 4.36286964796852 4.69070265010253 4.63509094494349 4.49654199172809 4.6227474331591 4.77358962475188 0.791981613944574 4.59680914965535 4.62542737634572 0.666229496754309 4.82861623047846 4.79368275852559 4.62760096829453 6.56406209493362 4.68709558143304 4.7433981403917 4.69371528083113 4.47090517247307 4.34818630223524 4.49939602342582 4.71081281861852 4.6427722129427 4.48215845246944 4.66318347856021 4.58624018845034 4.72645106721093 4.6646405533794 4.61339094598998 0.74290692324851 0.72936816145607 0.827439868476682 0.617753154461607 0.983663362109289 4.80421251542204 4.84918887936761 4.75120581704602 4.69693597525301 7.13204181081783 4.49422489631091 0.73411359564782 4.30526270657331 4.54954104354878 4.60122202679255 4.39136303361675 4.60756378138399 4.57936126001083 4.83959223355156 4.3986548996939 4.71694427464064 4.90664821589521 7.51922859770238 7.50999070920543 3.93864099932531 3.89484888134978 4.27986159345782 4.81793183347775 
gnm20     3.6986762988478 5.11131391710877 4.68000544541207 1.20726314641775 4.79419529989009 4.72023826990792 4.58165665052425 4.32721693403893 4.92676056294073 4.84000226404407 4.83132236562322 4.79504766062552 4.80966662648667 4.69336592984156 4.6218394666647 4.9239784898722 4.26823427992169 1.2128039510764 1.21964801899044 0 1.08454024963528 1.05565538728512 4.64285059182405 4.61925124909932 4.6140790402735 4.64075480355239 5.76442762808367 4.60892090257765 4.61990128929141 1.2278379055212 3.68934507741109 6.46682253770583 5.46804439148061 4.86886125888913 4.68166844122408 4.55084010805501 4.71586463429571 4.30582488585408 4.58172986005046 4.53027576109093 4.44843842853306 4.58004954814922 4.78098644175408 1.17325396712616 4.57205004714461 4.60299529875568 1.21625313657351 4.83859569730898 4.68355817688455 4.60523020764143 6.51581138374417 4.59634222972856 4.64118732958878 4.72565164546777 4.42189210968688 4.29271568878123 4.46391036340754 4.74115817032839 4.5846093101116 4.45892451021991 4.61440507566941 4.54104147867102 4.73078207830895 4.66196981043133 4.56054681038348 1.14839883000249 1.14952152238689 1.22141634501018 1.21900823884228 1.3093497049985 4.68874402462095 4.84430203436037 4.70217009059223 4.6188104622333 7.08119320705357 4.39680779319841 1.16216780102428 4.35095472892674 4.5110687761098 4.60571282042419 4.29921489623256 4.55098812352124 4.47950708646321 4.72896520247614 4.31125825149019 4.73044839171498 4.85566546090903 7.48346488493127 7.49525829958715 3.9824774266448 3.95887903711684 4.26493471994839 4.82680917759062 
gnm21     3.4243755391136 4.89699140999001 4.53009254343347 0.808716849089325 4.76911132734608 4.69312474537671 4.58660197330951 4.25023086628611 4.89365659785615 4.80993717430556 4.79833214285712 4.76578296048485 4.79598533696402 4.75460581851886 4.26605293880997 4.81750605277576 4.07181434494035 0.722237944360532 0.730529234148729 1.08454024963528 0 0.641209017469764 4.57910691737654 4.59535329363916 4.59043694883964 4.61747936321525 5.56858743458691 4.25591547016704 4.5968822700745 0.764267186450317 3.42261934516359 6.3707832821699 5.17730363784496 4.75264519064472 4.59268906153675 4.49584757974874 4.57982894749412 4.22670587735836 4.58667331273929 4.5638352887547 4.33809349491349 4.45528487861168 4.22783475290644 0.761812359580281 4.4970171549628 4.57362981749099 0.723019205831194 4.28385172928281 4.68334168128085 4.57582695888703 6.36446268127195 4.58780362733149 4.65193443843586 4.28895926095857 4.32823974632379 4.19646176994469 4.42283448324421 4.61454340929321 4.48659409913139 4.39699015798671 4.54825625207857 4.47464961853122 4.54939729205423 4.50407120303892 4.49802165455267 0.765039495148815 0.653020664825229 0.823963852503958 0.730126940968039 0.942662691793606 4.69335165183489 4.29172956586422 4.67457375680303 4.59872738377187 6.90802531429811 4.47796037086213 0.703520441756772 3.72843491157087 4.44205948991639 4.4906728609707 4.28211218005318 4.52340140324001 4.52776975214605 4.73441855067192 4.24654984832153 4.54316209584185 4.65308117371581 7.35184721758506 7.34537829574959 3.86198103218883 3.80955261254954 4.06849386225511 4.24333584852764 
gnm22     3.40787470261747 4.84777253368734 4.48874215458569 0.737354100722354 4.7007442509031 4.74198454502128 4.47172270618681 4.15709281394682 4.98018961879767 4.73126885451649 4.72930770097697 4.69511481340863 4.72604392989304 4.75475318556015 4.4233642667153 4.83638223359096 3.9468651229754 0.696527841326519 0.70402804413214 1.05565538728512 0.641209017469764 0 4.513941000306 4.66216362186916 4.52053930128445 4.54790515121659 5.40670149386685 4.24688600077772 4.52920315118307 0.730393345493604 3.40615148753834 6.24686961813854 5.15054039619364 4.67023766902598 4.49807380086338 4.39563831626433 4.49300962498272 4.13740369832989 4.47179261240002 4.66400347375673 4.3971294701172 4.41706880619115 4.2390203515221 0.771958024336582 4.42163083053709 4.65117770554961 0.700345521002147 4.3043955598256 4.57459079456247 4.65330103277485 6.22884588705995 4.4695403404745 4.5135085289691 4.27622100535021 4.25590504272261 4.13644909764449 4.34533631854838 4.52870842644368 4.58315608385937 4.27016315862388 4.44636317623894 4.35709994389389 4.44073457991811 4.39643016236605 4.39080196968551 0.757211815179456 0.584643695573231 0.776004211941293 0.703218765490261 0.921851484942645 4.59071080780707 4.16697865381199 4.6181303331533 4.54661382772776 6.87082895041906 4.51692772364133 0.690084253491356 3.68383721496234 4.36052445716916 4.40973127171925 4.15528327941838 4.58649302838424 4.46914690730375 4.62645664806107 4.14008408979698 4.43940214326123 4.68562661902661 7.30192612175327 7.35462780262827 3.93681138214675 3.86507038960766 3.94354843421248 4.2323635196154 
gnm23     4.74924772698457 1.4927151444443 1.07223208089704 4.61037416970716 1.0170756222988 1.00464330599413 5.56974100650353 5.3406461748427 1.07470573114773 1.19781784370646 1.05013524341744 1.00877553651551 1.05494869596624 1.1115201758285 5.25515122989193 3.02969286507558 5.10126111939135 4.64707587758372 4.6422226995732 4.64285059182405 4.57910691737654 4.513941000306 0 1.00791500487932 0.982285085797607 0.987072709146566 6.11172306673186 2.94446769760172 0.984663874692312 4.64202169544391 4.72228513695048 6.87033046525466 5.79820954936749 5.63740047838545 5.57597752107499 5.42543372953669 5.43512596151626 5.41952954941219 5.56974100650353 1.2676122476045 3.01144132717037 1.25809053880526 5.09600063437261 4.59923687893754 5.47012179703027 3.03669287503042 4.64601277048778 5.07305049567848 5.63486077068903 3.04803986622883 6.83440266898319 5.58413450750066 5.6099566322625 5.34627976669772 1.38671627289001 1.20133474319745 1.20206306841824 5.41439307317512 1.21206600036293 5.46090592359129 5.51238085720296 5.50526303681091 5.43787438338579 5.62418835488774 5.46839281535686 4.63317025399909 4.63661193207356 4.65207516623248 4.6422226995732 4.63479450616337 5.50933889628854 5.05780934246315 1.37805864615706 1.00995152880612 7.53089963441422 1.37459331275208 4.58629772154504 4.63621858219261 5.32324062692382 5.23442157592082 5.13918851243741 5.41951990531957 1.17135167034467 5.49266394859717 5.3970059492573 5.45919444938218 3.05460929275147 7.84721767527932 7.82639704105449 5.07705858146744 5.06366940366572 5.09888765064807 5.21701353584524 
gnm24     4.6832567708237 1.32741445968663 1.06192754479759 4.64371919978769 1.00920780266504 1.04162973810363 5.5734972112308 5.3086670680955 1.10172548781526 1.18605645117532 1.05111553058614 0.997956342754333 1.04766531774951 1.19151117912795 5.38414302817924 3.21605775073608 5.07870787384708 4.6799868533006 4.67402533582038 4.61925124909932 4.59535329363916 4.66216362186916 1.00791500487932 0 0.996350188686249 0.990784409295541 5.96470978632685 2.99329503584825 0.999116024443309 4.67068768217364 4.67875212992068 6.95642933052366 6.04169915840049 5.24447095037198 5.53361111421324 5.38759556517205 5.43253140396406 5.38833058265902 5.5734972112308 1.31975877383423 3.14350882702123 1.26028525970794 5.08457596153676 4.62249487058738 5.45488754246181 3.15636733294014 4.6789283783663 5.15383238848173 5.64438701085765 3.16768449821325 6.92319629299041 5.58213027744329 5.60587787809332 5.36007999469278 1.41050946603228 1.25172026924791 1.23083461552849 5.40995637333224 1.28198989595776 5.42202437637853 5.47328794004356 5.48705654186827 5.38823558372646 5.55500474214941 5.42668529062946 4.66371901109212 4.68119945252216 4.68394149506261 4.67402533582038 4.65013703800548 5.5081646463491 5.03691335124997 1.31819194162087 1.00221161741939 7.544544131738 1.48442084648124 4.61841399362411 4.68329091643613 5.32806595160218 5.2376971391272 5.06752495136987 5.51667225939055 1.19440035457572 5.51117221026321 5.37711664627352 5.39875525141609 3.20896528216421 7.84254460110384 7.78457536228009 5.25352822364648 5.14222873532025 5.07633162405039 5.23578754378564 
gnm25     4.69358381597687 1.350483033631 1.09180440914535 4.64167387408052 1.03349619059952 1.00975590906252 5.62700521094514 5.33921406523848 1.0918549079849 1.21079283493267 1.06450349104075 1.02284026567867 1.07162486361449 1.11713236165939 5.29342158674772 3.02876652810048 5.11342588621288 4.67881966270969 4.67714595060187 4.6140790402735 4.59043694883964 4.52053930128445 0.982285085797607 0.996350188686249 0 0.988298418230948 5.96548802571799 2.98209578583616 0.989554494170089 4.67393526309007 4.68901812384618 6.92049284476084 5.87056090257726 5.18832046042892 5.59462074056886 5.42199358963649 5.47169641794293 5.42056573938998 5.62700521094514 1.26855739699278 3.01705546344016 1.28468380888363 5.07296269060124 4.63055080183667 5.48544786657509 3.01944325689715 4.67774742482719 5.08198449136748 5.68466024352605 3.03102570223572 6.88630560647653 5.63254304707288 5.66156013139068 5.37726058381425 1.40196501520156 1.21966086341362 1.19461596915313 5.4548248336525 1.25756620876162 5.47141010771458 5.50468858244054 5.52270756208683 5.44949454937511 5.61325968384263 5.45958429528153 4.66701980407815 4.64887927912595 4.68721273476411 4.67714595060187 4.63739876554162 5.55721121826307 5.06803423589893 1.31658946711101 1.01771248118444 7.47444576411071 1.35743391377862 4.61586867445654 4.66776649102593 5.35583983196268 5.23937587400866 5.11617651526778 5.38572565727205 1.18191199800839 5.53953865097847 5.40812445418447 5.45938922082551 3.03950700031868 7.75791631816676 7.74426437592328 5.12941137211976 5.07954107987755 5.11103325423812 5.25057378962196 
