93
gnm1      0 4.54464471742509 4.32951063480058 4.16663912074062 4.49628228834835 4.52058372874621 4.57840949800906 4.55973266333909 4.49822836132813 4.60817976790139 5.2212603062987 4.20978300666842 4.67621039013421 4.49732112120115 0.746172114160778 0.75895670906401 0.814759862387523 0.841515332404908 0.811625248976519 4.590740915332 4.4469846819811 4.55595928726288 4.56841533245646 9.62571807115421 4.51795978511278 0.844584281738773 3.42157582250704 5.97496434847256 4.91234740660554 4.78142400801325 4.57379481224589 4.4648870851621 4.47704877656968 4.1430736897973 4.34668576463823 4.31498627161492 4.33443822727437 4.40703729682691 4.60998465597317 0.874589438942412 4.29004312794094 5.21135736448672 0.758102609317154 4.42428483314502 4.4050081208498 5.21724816655008 6.09287795502574 4.32926907792413 4.41075832467763 4.26349004585386 4.32646306097225 4.18203971607377 4.38277818717932 4.29978061544377 4.40407114363836 4.169784552524 4.43338120986328 4.21129513236901 4.43778087312115 4.46802464661347 4.45114212125002 4.49248844153681 0.814028505375067 0.801374250421358 0.880791547745334 0.761262868582393 1.03057011414339 4.4371002496787 4.70964432903771 4.55783109063368 4.59363344400504 6.95721081214833 4.23421579017743 3.63637306814386 4.20445721884943 4.42155908299764 4.53928827420514 4.38226413957666 4.4460443641742 4.36163237378991 4.47325900460848 4.22398673925499 4.43112629776445 4.59995868422669 6.70612530868883 6.94367118619573 4.301948395472 3.86975916999191 4.49426654219717 8.93762117454981 5.5536880049724 4.53939339593023 4.54034096449972 
gnm2      4.54464471742509 0 5.33266738510339 6.14939624747445 0.762975743935176 0.95314269715181 0.89880891449539 0.841409626004459 0.835928139734177 0.811431990058614 1.5052921491294 5.16758338907119 2.87459519768013 5.31234959528137 4.56032533623982 4.56863379217858 4.51855763844608 4.47518583316012 4.44119234448135 0.850959783053679 0.902463691027726 0.893939705496476 0.875575128002558 9.71152649844722 0.783746934515357 4.56439700034627 4.50700371410715 6.54681751253054 5.60401778711514 5.22399415495451 5.29140736821282 5.28419612431308 5.52114067872835 5.36382115803714 5.34692543978749 1.21557615271332 2.92726600366372 1.19318676595253 5.23148508330971 4.52984038452052 5.39515830093867 3.83935596982423 4.56221788614909 4.99803079513392 5.36971800619181 3.84596833428967 6.56771530759052 5.34998200868273 5.37448921043238 5.49588686646156 1.3106704468367 1.14471018940349 1.26508868383238 5.32481548717494 1.02390572031668 5.4094815550268 5.25946963859339 5.40038634999254 5.33143456866478 5.42051362044267 5.29987679592848 0.870711339766868 4.54604763455214 4.49932143258908 4.5729214737504 4.56943665579078 4.48538617507634 5.23164790239243 5.09965716794604 1.15707660112629 0.836933894306976 7.56029573367646 1.1676670104102 6.09966385756063 4.38830965806328 5.30322240238789 5.19098304455445 5.04000894566241 5.24807932285121 0.991003647198504 5.2133210287522 5.36202298778239 5.3260594424756 2.8686172114921 7.43966211561988 7.38494496885542 4.99673147848019 4.92203625036024 5.31008679623403 9.24355040159315 5.94193309476312 2.83528586330465 0.84492604422201 
gnm3      4.32951063480058 5.33266738510339 0 2.36389686048343 5.30733162379637 5.28304463776352 5.36519846683791 5.34570220871836 5.2789884140394 5.40311502064993 5.90201241976061 2.91697944635193 5.08278739879116 3.0493983952711 4.37378696963377 4.37529642692426 4.32843595630315 4.29349640578673 4.20424660535495 5.19090019121475 5.17610644495067 5.22068788934163 5.22263735423893 9.46792900981523 5.26495471290742 4.3696086703674 3.91076980501796 5.91472251631626 5.49348206586058 4.83135205557165 2.99802533486465 1.97003370119517 3.18056738738959 2.33849849458532 0.459053170750036 5.17040055197362 4.89024463995572 5.24165523596181 2.88735502059515 4.39078057229141 2.45427520759446 5.84818212470544 4.37503719373375 3.37819818638489 1.08387386473256 5.85249951015373 6.13964566665953 0.88296350726816 1.1254665555619 3.05821598030857 5.01268797210149 5.0390617663545 5.25069845493215 2.95430125359177 5.20894133097969 2.29412476186984 1.96465988120062 1.95321816822498 2.99777980606127 2.94698052844595 1.99721234223772 5.28217619104183 4.35551604600648 4.30959733382961 4.37102410432496 4.37617716738657 4.45308377203843 1.19087939543558 3.01790995582497 5.23927336514123 5.2556238322335 6.49268189962262 5.10853847604432 5.8498506983078 3.94893454465084 2.47338356547582 2.54933452489544 3.00671835106767 2.99506076859389 5.10412639832625 1.16233083964315 2.35134249337179 2.964828252104 4.89410402418064 6.45332468537009 6.45444308045907 4.24758620784688 4.22804240177333 3.0500340492493 9.10372048023596 5.64590957093239 4.98439672398222 5.26965070643051 
gnm4      4.16663912074062 6.14939624747445 2.36389686048343 0 6.12585273914427 5.24224489467522 6.19263362027716 6.18650460197989 6.1290115584173 6.21785030911596 6.7957619261854 2.38522136320579 4.97507487368303 2.59465863924689 4.21743346794408 4.22295867758925 4.18022586023017 4.20136402397633 4.05906874708339 6.08199266288803 6.02575322982928 6.09680428425119 6.08918928337352 9.48436691190325 6.10672532606795 4.20491417372195 3.63184448750461 5.77073069165225 5.20742392051623 4.59867005124082 3.02355745513504 2.33659068918783 3.15731958063699 0.439352866729787 2.38634790611086 5.19511515675694 4.78835109493532 5.27303683007686 2.55595142615707 4.21881452724338 1.82466740551355 5.70540446689216 4.21920615063992 2.46521245729965 2.31947822363339 5.70146091644059 5.81390504151319 2.3603231278612 2.30585214514506 2.50848967490854 5.04465145840114 5.10737205458966 6.19318545443873 2.94524210202539 5.2253970577449 1.6981660332415 2.33238927943774 2.399660382904 2.9669129336444 2.99715067392899 2.38902069618286 6.15670514826747 4.19934598403354 4.1602619631156 4.26932292806999 4.22392585055381 4.20473575124657 2.26379634981726 2.59048474579409 5.26454806611507 6.13491904490918 6.56503205700635 5.03580502680162 5.81530303080273 3.74039458487321 1.73676856778768 2.03131123988427 2.51712717738141 2.65180379013858 5.17048064482736 2.31115343951546 0.919579572254663 2.97511205666421 4.88015670643198 6.4669759273167 6.39921152579147 4.0988626292418 4.00828340738997 2.5952826607011 8.99474098035233 5.38691101689529 4.85061840735483 6.13209121363892 
gnm5      4.49628228834835 0.762975743935176 5.30733162379637 6.12585273914427 0 0.916330957331162 0.860843730690089 0.809005745585914 0.801524656396217 0.847388419629957 1.54561938595379 5.0589277829783 2.94738572110637 5.2830094369393 4.51188857047374 4.52009809159109 4.48814799630043 4.42768222927866 4.402811000307 0.821913171441354 0.850154331714826 0.864081237183937 0.84482699563513 9.71163173516163 0.744642558505523 4.5160433796796 4.5071902202513 6.43181446100483 5.49840761029641 5.16795484386128 5.26094620310061 5.2569356362174 5.51058996884891 5.3405155306097 5.32168621132139 1.26182585172229 2.91009063674416 1.15344174175126 5.2545453083267 4.48122954597306 5.36758210261412 3.84139904124416 4.51369542283427 4.97926893549963 5.33804174428602 3.84800757649831 6.45482920540428 5.32475478512505 5.35086034426953 5.45521531261815 1.27383998073685 1.1078640604685 1.2317200141602 5.31528484532494 1.06701106360383 5.38164902625618 5.22971086330667 5.37049867424043 5.30833896300587 5.3951094268853 5.2698692268817 0.834609351719592 4.49720005658676 4.46937572835831 4.5241359458032 4.52090787366244 4.43948300669041 5.20780258958967 5.07210292035867 1.14180779638362 0.805482059914092 7.45960007858661 1.14733725573823 6.06684464449659 4.34249093531301 5.25690173091961 5.14169163774249 5.01427941459382 5.13511689033463 0.970754362024515 5.18168197721216 5.339046645438 5.30321071201172 2.85309587113551 7.33506930903129 7.28002315496735 4.87442130479177 4.84228345248561 5.28073320681887 9.24383464258888 5.95034493392075 2.82380248379913 0.812400442920354 
gnm6      4.52058372874621 0.95314269715181 5.28304463776352 5.24224489467522 0.916330957331162 0 0.910440223233645 0.907958843334391 0.950981484053373 0.939428995372744 1.72768063636786 5.03498029282529 2.85584386046897 5.26022831998867 4.53822152800013 4.54489336277286 4.50820675454824 4.46139199257335 4.43498053253922 0.95672774428878 0.991113416850601 0.996147683139023 0.969775338452206 9.70952944548993 0.937079403522681 4.53974461299518 4.47695867331969 6.41321071129367 5.45518021541577 5.19414135285506 5.29371230656883 5.24600349658025 5.54302137111808 5.32405221655319 5.29759656978034 1.44131366783501 2.9022587172432 1.34050116598749 5.22429499197566 4.50808534038979 5.35792733727406 3.82415189307489 4.53837944414545 4.97212947940823 5.27905025730911 3.84087782111218 6.43686166797093 5.28698309817547 5.33352637104546 5.42932896981269 1.18229234724702 1.21248497950022 1.31153149892974 5.34697270626758 1.16828095156616 5.34965278883725 5.2176874643901 5.36145321791337 5.34660911477425 5.42851086362331 5.25734978594653 0.970319079207051 4.52232452623364 4.48891373299481 4.54699412755956 4.54570246380771 4.45716858224322 5.18476087177308 5.00517290504808 1.15548290379305 0.951293258550777 7.44493133302691 1.32228631272965 6.05075907685229 4.27172718758231 5.2514187032824 5.07305710204013 4.96543997972511 5.08890371148541 0.980929054400882 5.16208364239893 5.3305313776676 5.34222460548041 2.77227372143801 7.32290867342323 7.26786187661423 4.8465834752582 4.76570101213567 5.25792481492342 9.23753210066778 5.89217269723396 2.71306441842222 1.00264091943277 
gnm7      4.57840949800906 0.89880891449539 5.36519846683791 6.19263362027716 0.860843730690089 0.910440223233645 0 0.784383797719392 0.862678391143317 0.832027311862782 1.63269963224372 5.17564032324967 2.90144226940352 5.35328658597128 4.58848787531984 4.595145324802 4.55283519797519 4.4978899189725 4.47763359360646 0.873332942923797 0.93179920049885 0.914856385822071 0.896945754860484 9.71375819248612 0.83842032903135 4.59734569512651 4.55522438274229 6.52940521167482 5.54784873164829 5.22780929379413 5.31015126711065 5.32279961076013 5.56740125456357 5.41423451457824 5.37844303949389 1.32301392655286 3.0066583032294 1.26279583079657 5.30310818550584 4.56187183917085 5.43982979360026 3.92656277108287 4.58872825638227 5.0541705528151 5.36441383622507 3.93305063198469 6.5503808873868 5.36861894576331 5.40676376804423 5.5215472921824 1.35677366076715 1.19959247192255 1.32738458907646 5.36931261499533 1.08909304685512 5.43215265008619 5.29323352119368 5.43279189805164 5.36351521648263 5.44405738864734 5.3333584723213 0.915724976037641 4.57072054876775 4.53373535287307 4.59653069602906 4.59593843246673 4.50784315955348 5.26627987961634 5.09921485099305 1.19159054671176 0.864143497695025 7.53126042394098 1.24473974104977 6.11204333649256 4.36282969166042 5.34407560187451 5.17720456681527 5.05945416321423 5.22456565753994 0.988297712619 5.24979555559614 5.41147580785019 5.35897561944665 2.86486850816595 7.41098587079219 7.35609576915452 4.95753832954146 4.83336249223595 5.35106240930608 9.24957680169183 5.97211670627732 2.82597051103998 0.872129221087614 
gnm8      4.55973266333909 0.841409626004459 5.34570220871836 6.18650460197989 0.809005745585914 0.907958843334391 0.784383797719392 0 0.802762659920764 0.809911483673284 1.59162273162874 5.13650370305857 2.9248672125005 5.33902395341666 4.5698211953746 4.57643957769893 4.53898526631699 4.48345865405165 4.45975372449087 0.832778962720811 0.8847575675045 0.875166916012133 0.855613782391346 9.71200648074695 0.793505688601826 4.57867555759735 4.50195522154112 6.47868436036617 5.57362319835478 5.22455248269165 5.28850456256542 5.30626711623072 5.54005490443278 5.40647394812046 5.35896938529294 1.31865359251019 2.95196948249618 1.23998321191865 5.28439227697825 4.54303709850745 5.43685911269109 3.87570685705147 4.57000850912889 5.04459403084478 5.33734551496116 3.88224438806668 6.50075806662277 5.34965566978871 5.39448895348792 5.51221131578099 1.31046435028693 1.14633238838688 1.27637049277696 5.34443055207753 1.06858838183539 5.41644035494049 5.27614754735745 5.4179207468729 5.33675160860526 5.41417809682365 5.3160243898233 0.901659816538397 4.55189299472912 4.52032215343177 4.57878521602098 4.5772359633675 4.49027864079159 5.2480302750352 5.08711113744391 1.16253076814002 0.81727607576058 7.48205405693943 1.20026679008167 6.10080467393205 4.34948313581328 5.31916125100189 5.17698977183587 5.04835960352111 5.15242408572357 0.976204607795214 5.22117525169111 5.40781823391917 5.33250384673927 2.84653415149741 7.36480656761463 7.3101483212253 4.93131709770327 4.84240714966928 5.33679139167975 9.24892820202093 5.90976351876469 2.81835530134144 0.823614124337773 
gnm9      4.49822836132813 0.835928139734177 5.2789884140394 6.1290115584173 0.801524656396217 0.950981484053373 0.862678391143317 0.802762659920764 0 0.868603171177459 1.57486019946563 5.05352146102829 2.86856131923889 5.28727234967057 4.51582195196896 4.52238974198273 4.48779550472139 4.42669592165226 4.40254505290547 0.74255934942489 0.781797878480423 0.783969513397978 0.760540348192935 9.71206333040788 0.767248321745886 4.51752342665219 4.48204357792256 6.43355273199175 5.40077484545778 5.17721421948248 5.26477212720322 5.26018545277288 5.51168744770287 5.34221147603416 5.29343456594143 1.29774419126149 2.85970212234368 1.20660791070088 5.25961641908152 4.48101651221159 5.37289154140219 3.79447212155096 4.51593270448764 4.99835501678697 5.31152271018315 3.80115593511889 6.45587668764168 5.30041096848594 5.36123350360148 5.45660788302781 1.22223041809257 1.07428057970634 1.24799222718416 5.31633991710607 1.06960219800503 5.35013820537365 5.2359389904667 5.37425824228994 5.32093893961555 5.39693895786427 5.27355168855388 0.900049124454038 4.49732204461554 4.46905002172346 4.52412761164039 4.52319880608724 4.43913215688101 5.21430385461345 5.02051915352586 1.0841704712878 0.716533161681404 7.459608487745 1.18988156479935 6.07111315105592 4.2837138781852 5.26222310263169 5.07521615549557 4.98262743619691 5.00238138598722 0.93765742504248 5.18715660289779 5.34461091548102 5.3156513730213 2.82646558606092 7.33472564614546 7.27987319438403 4.88201007099262 4.77926415814239 5.28500029454799 9.24500474452761 5.89611810706856 2.75048461200067 0.838251701509455 
gnm10     4.60817976790139 0.811431990058614 5.40311502064993 6.21785030911596 0.847388419629957 0.939428995372744 0.832027311862782 0.809911483673284 0.868603171177459 0 1.5807931343372 5.30796395277065 2.78526736090684 5.3934570484737 4.62665347186439 4.63258225165198 4.57150107079176 4.53644179433315 4.50324107533716 0.881708108123472 0.961655286195362 0.928809930424964 0.911120799650376 9.71348970174801 0.862747171333627 4.62744992671045 4.57780347532953 6.66181431604646 5.70010031161626 5.29676815901156 5.40657233149591 5.35381685620978 5.58475602381687 5.43686228151156 5.41736050559317 1.2336643070234 2.99018782886466 1.27587241952329 5.28332081131358 4.59093005691 5.44998253728378 3.88602281564979 4.6260211131045 5.11803007924389 5.41495419035749 3.8925638270809 6.68842559179137 5.40676124455549 5.46082525322058 5.56226054452901 1.37421997515417 1.19302712446798 1.34822289485602 5.3844959449982 0.984179366059459 5.44229410869501 5.32658478242386 5.4581381959486 5.44383928915602 5.53337978709415 5.36699582485967 0.941955341516333 4.60721733096178 4.55235272446217 4.63341212219135 4.63337160692262 4.55589006554056 5.3087485915118 5.13716167220989 1.18258270670094 0.878903635914859 7.65329324099785 1.24675934650354 6.1467156588248 4.45058653555492 5.3714106140936 5.20466024210286 5.09448170363015 5.40704919761685 1.01707067109472 5.29820944515512 5.43463215851383 5.4375808608509 2.85277454240629 7.53869723031981 7.48435410632476 5.12021306656427 4.93974713511649 5.39124654397791 9.24885192544622 5.98314523816862 2.82780804921836 0.925839556357299 
gnm11     5.2212603062987 1.5052921491294 5.90201241976061 6.7957619261854 1.54561938595379 1.72768063636786 1.63269963224372 1.59162273162874 1.57486019946563 1.5807931343372 0 5.87669630663039 3.42452186529056 5.99348187765432 5.25783420421638 5.25103443828522 5.25014291509073 5.14689842258999 5.14433122380509 1.91968155350425 1.93274770035486 1.93355455467642 1.9298839552533 9.64213160103492 1.84996141684825 5.24584158783018 5.03626347703122 7.18701923596821 5.74565033093944 5.79558012116554 6.05885808209763 5.99349383547982 6.12295552751296 5.92117592834199 5.91191597843973 1.91320403898894 3.29572111497517 1.84615489701254 5.84374120971921 5.22989329921665 6.00538225507463 4.22856465556721 5.25632510985319 5.80877063691194 5.93833178248694 4.23136377161785 7.2261283380127 5.91503082099039 7.0522309677892 6.16810684531328 2.1007910208957 1.91989630711886 1.9519464086847 5.92124866714004 1.82167862204768 6.0776275836897 5.9522149830302 5.911360244683 5.99221871861076 6.24591665682189 6.0025640077393 1.61364527816021 5.2291674040549 5.15001725919779 5.26090351247668 5.25178786770481 5.16612897870567 5.88129761742638 5.90269634341953 2.16000876109129 1.87278044019656 7.7761343440171 1.99883566009015 6.56799901542802 5.14617281899 6.05624620473626 5.97314448631406 5.78698605561183 6.0766856294903 1.85131414836489 5.84377604953252 5.90190753773351 5.97813538972845 3.5425554699271 7.82512622386036 7.74419081612685 5.36936761020768 5.15397372317059 5.991405747728 9.32011608470302 6.39559174166173 3.35445728494954 1.92045550986836 
gnm12     4.20978300666842 5.16758338907119 2.91697944635193 2.38522136320579 5.0589277829783 5.03498029282529 5.17564032324967 5.13650370305857 5.05352146102829 5.30796395277065 5.87669630663039 0 4.88678343750644 2.14000684079466 4.26773516575066 4.2838579296338 4.11925930938496 4.16649767204383 4.28926493630061 5.35304947407122 5.332370165419 5.26072454014605 5.27072546719884 9.40143212371958 5.19893304549466 4.26286948407657 3.61179559879814 5.66475398830654 5.450484696859 4.68316951801832 3.45455689753639 3.07273588837358 3.37351899349131 2.35737337884033 2.93893511504661 5.07390423818421 4.99586216962288 5.13800310804747 2.42774097340096 4.26979272007888 2.57325326729292 5.50728884540578 4.28720832233207 2.64318360200131 2.90735552514004 5.51270872515241 5.76793686891886 2.93547070120791 2.89900464769439 2.12655092371335 4.82057908705524 4.87350681077795 5.11570162741081 3.17621267727407 5.1277671622141 2.49266432663086 3.09990295195505 2.96064513780719 3.44754679909832 3.63336330239401 3.10964970345068 5.07109664020793 4.27203053470232 4.0967819789207 4.29453237304237 4.284764186699 4.2384606551627 2.90837924919806 2.57596023603541 5.23986684170012 5.31329723016013 6.34809162075631 5.0266181921388 5.45975807560117 3.97367093962055 2.74248388609638 3.02312667283272 2.65198461242145 2.91048869551903 5.02762629994893 2.97859256372444 2.43443422491141 3.42985900184737 4.84828820100838 6.28055267162663 6.24326895838889 4.214740470106 4.16174553171493 2.1404898981962 8.8526470349714 5.6875982631614 4.78956344787144 5.22889671979284 
gnm13     4.67621039013421 2.87459519768013 5.08278739879116 4.97507487368303 2.94738572110637 2.85584386046897 2.90144226940352 2.9248672125005 2.86856131923889 2.78526736090684 3.42452186529056 4.88678343750644 0 5.07797554243395 4.6884741698089 4.68399968694019 4.57411953953828 4.54327357309175 4.51131496174005 2.62044119302715 2.7526846190654 2.6722786334216 2.6947707828517 9.68379776973552 2.81929028413469 4.68666611094334 4.38721327865865 6.38649075222791 5.24927977696982 5.17068119591919 5.84532241520509 5.08180360736485 5.36971878538475 5.05218229436245 5.096726134264 2.7382412322924 2.56373218538826 3.18211213647228 4.90329653179397 4.65856617702417 5.25217989069078 3.64749687958274 4.68895328660241 4.63952022977164 5.09234645808248 3.64588020193359 6.43184449501802 5.06680924833912 5.2016768043378 5.16878505469001 2.69965004246117 2.90488625937194 2.9787418659105 5.12934468820509 2.71884083313234 5.17678716906203 5.15097689473607 5.21874717961791 5.07160048981779 5.25482685966776 5.12829834364203 3.00511950465786 4.66621586617068 4.55349786032868 4.68485424630344 4.68482589393981 4.53808211652235 5.05430535725401 4.78983785046603 2.75894139235766 2.72248677406413 7.5916527975113 3.06443560012114 6.20578479253831 4.18028371590203 5.15042868675662 4.82120043058325 4.61795607908671 5.01407565899955 2.81651740333273 5.02941119824824 5.06731314943128 5.06665031964904 1.33675875840268 7.23838287392118 7.21120097338218 4.65051240379204 4.73288918169849 5.07542151063712 9.1553433706002 5.61833361312013 2.30287897706587 2.84463478975437 
gnm14     4.49732112120115 5.31234959528137 3.0493983952711 2.59465863924689 5.2830094369393 5.26022831998867 5.35328658597128 5.33902395341666 5.28727234967057 5.3934570484737 5.99348187765432 2.14000684079466 5.07797554243395 0 4.55750040774181 4.56333761844895 4.14516557241393 4.12877296108999 4.01267242434511 5.34669729338625 5.2956702839354 5.35098616108336 5.36269311428986 9.45795651075828 5.35990975572692 4.57229076722135 3.43452607732398 5.77746616553693 5.18601197533713 4.52852721248315 3.62515577687848 3.19932271558974 3.73519166255003 2.56902227514323 3.0728087948801 5.14270737365296 4.81106446348667 5.14271945331739 1.34313701505482 4.53862107934721 2.87927924731348 5.83563777054134 4.55598835304993 2.25818483855582 3.06198999696336 5.84072418240722 5.88162110526235 3.12212426850233 3.0704164420373 2.46762447232151 5.022435824 5.07953368503467 5.20247124920449 3.55004984536163 5.19976952063153 2.82883175372357 3.18717721057112 3.18327812327667 3.60086445016514 3.53906824943498 3.23447069992335 5.29592332662758 4.53792940446552 4.12849103657411 4.53558852297915 4.56427755412323 4.57095873105525 3.09808618491936 1.2147373459187 5.36337105706625 5.40489692772616 6.44086667522407 4.83509303998 5.44191134460403 3.690473119289 2.84448000754535 3.11739487199014 2.74077713847982 2.76202938353729 5.12260933032736 3.14583711087769 2.74171722593558 3.5701539951652 4.83734021319443 6.38245934863491 6.32676370166694 3.85843337016586 3.80969953339234 0.45559921529244 8.89720215476144 5.44455730134597 4.88318774458955 5.37988526829781 
gnm15     0.746172114160778 4.56032533623982 4.37378696963377 4.21743346794408 4.51188857047374 4.53822152800013 4.58848787531984 4.5698211953746 4.51582195196896 4.62665347186439 5.25783420421638 4.26773516575066 4.6884741698089 4.55750040774181 0 0.660098284504948 0.718574166867187 0.736149627976101 0.744364645820364 4.62126441148233 4.47656997901482 4.58634536424097 4.5985872613681 9.63154089665642 4.54811664492861 0.75207749267542 3.46670699633538 6.0544033228889 4.97828199459124 4.84609831113785 4.58680279426368 4.5082082434487 4.50527988219492 4.19410739754119 4.39098023121641 4.33091279633958 4.35520048791592 4.41623456875398 4.65374865393562 0.796514449382312 4.33422565603506 5.2370633647559 0.6206000144583 4.49077523971685 4.44539789566393 5.242922581893 6.16173143972099 4.3742073539135 4.45623467321922 4.30605251277556 4.34210991223399 4.19596736144338 4.4024969754973 4.327252370338 4.42124588223741 4.21271188648891 4.47771694407249 4.25178749226265 4.4638660059222 4.49719641583402 4.4954407799133 4.50820154515852 0.739772712107236 0.705378034440766 0.84416953982487 0.658597481019836 0.888586147670676 4.48134486073704 4.72072834968462 4.58108479412961 4.62366933150998 7.04422012299969 4.24835058432708 3.74503987943518 4.24706203000279 4.48962099675086 4.6023720320495 4.44165385188567 4.46286971576567 4.3753244302363 4.51232864841909 4.27243571076741 4.45506993552932 4.61050341844042 6.80448086889332 7.04671053785605 4.00097595995812 3.91910239271698 4.55448098601334 9.03457158021737 5.62337639303189 4.56557837096438 4.56310214311397 
gnm16     0.75895670906401 4.56863379217858 4.37529642692426 4.22295867758925 4.52009809159109 4.54489336277286 4.595145324802 4.57643957769893 4.52238974198273 4.63258225165198 5.25103443828522 4.2838579296338 4.68399968694019 4.56333761844895 0.660098284504948 0 0.734221070813895 0.748996146316329 0.750912103455588 4.61753886692004 4.46711335868688 4.58323160350831 4.59549823015569 9.62949315766983 4.54497127156222 0.753529678346106 3.50193816194174 6.07136123552557 4.97770986531142 4.91013366704597 4.59564276424837 4.51372751981144 4.50503998209042 4.19948577230736 4.39227315844109 4.33776211108248 4.36282547303229 4.42281829388223 4.66278173031908 0.803280996256059 4.33912233815359 5.2432260314305 0.6580887976617 4.49623250501607 4.44940299354209 5.24909674014119 6.22373006037376 4.37597935032859 4.45508900059537 4.3267366080679 4.34907301471688 4.20429792226672 4.41084753090464 4.32888303058939 4.42813184093357 4.21912526680577 4.48230358891797 4.25850363764941 4.46401278362264 4.49408337921402 4.50023065041649 4.5163749460259 0.737061273809322 0.719483326750391 0.848358214292516 0.606341263533394 0.907440878327163 4.48416996501792 4.74890991942771 4.57803756230991 4.62057782317029 7.03554681556223 4.25654224657215 3.738691017826 4.2847850012208 4.48999345420518 4.60723114108632 4.44100862882377 4.48913523092065 4.38383578823055 4.51652787728878 4.27806310060054 4.45710520451326 4.60681689737579 6.80102133896808 6.83338378756875 4.39551437041585 3.92176756065818 4.56031650300887 9.03560259249022 5.61720268819322 4.58375995706788 4.55995528380345 
gnm17     0.814759862387523 4.51855763844608 4.32843595630315 4.18022586023017 4.48814799630043 4.50820675454824 4.55283519797519 4.53898526631699 4.48779550472139 4.57150107079176 5.25014291509073 4.11925930938496 4.57411953953828 4.14516557241393 0.718574166867187 0.734221070813895 0 0.615698496187455 0.548798566401493 4.52676398968431 4.39465605426183 4.50883562682937 4.52110138935321 9.63790105164708 4.53694554634686 0.767648143899611 3.28570481758965 6.05702597497406 4.88849199946312 4.52541002054328 4.49125166477979 4.52111210268254 4.46614488058936 4.15625503671367 4.34571008344373 4.26068376496118 4.10366023518957 4.4227082598549 4.27070748148559 0.795835781746091 4.29953973299585 5.11267915139908 0.722841434732737 4.247258172576 4.42332420775416 5.11862019707563 6.14226550975015 4.36905480584961 4.43955878937403 4.22955700386851 4.31217294495282 4.15959581155996 4.42674338668551 4.28633895878373 4.35781151014344 4.18275029318363 4.47657912088278 4.21501399691072 4.45609819792186 4.47728645263745 4.49544848407473 4.48481409454001 0.776874435049543 0.510561761018828 0.796406922494019 0.732106593885657 0.89572115779022 4.46813797194293 4.24701022897666 4.48837579685733 4.54721522614734 7.03642051144271 4.15459706074076 3.79004135134839 3.77420046132964 4.27851989156288 4.42814976664951 4.42619184028424 4.37751335903241 4.28178531309472 4.49036282512939 4.23989564578926 4.41550319785827 4.25440594772225 6.84695734965741 6.90246780277479 3.87269153783138 3.85283832694771 4.14187605244521 9.06157785093715 5.7221059515478 4.36887071744612 4.54933497898768 
gnm18     0.841515332404908 4.47518583316012 4.29349640578673 4.20136402397633 4.42768222927866 4.46139199257335 4.4978899189725 4.48345865405165 4.42669592165226 4.53644179433315 5.14689842258999 4.16649767204383 4.54327357309175 4.12877296108999 0.736149627976101 0.748996146316329 0.615698496187455 0 0.635776650262659 4.44324762924376 4.33014851454338 4.43424425255713 4.45050477447792 9.63047979540717 4.39659358354466 0.805866661464966 3.37415298100422 6.05562784687544 4.8815931216829 4.49037880165906 4.41648805525841 4.50259388402398 4.43301684294925 4.17690273368577 4.31046792817925 4.22816156669348 4.1489528713147 4.28031514605536 4.31152871880028 0.774480282587184 4.26792046367476 5.06128833847837 0.740333222254647 4.27710059592776 4.39597382217957 5.06729422860203 6.14971487745148 4.33546024286517 4.40866772109406 4.19859610190877 4.26609292407098 4.10192574760508 4.29779880322642 4.25123681078895 4.32608090188907 4.15224376579376 4.47027813492752 4.20176672363742 4.40468084708751 4.42628240489629 4.48910116949588 4.43833059102824 0.787818021741115 0.591030104929934 0.794425426425026 0.746898918134732 0.855117960226706 4.42930393449952 4.21134160521281 4.49876919925943 4.47575032058315 6.9675337648812 4.22419654096136 3.73847101565216 3.79386336310618 4.33014278925061 4.44614644014296 4.40573023848299 4.39391288948943 4.29020337584682 4.46208428320217 4.26457576391531 4.36414607826955 4.26144686858818 6.77571886711524 6.82415706991557 3.83633826775417 3.87212668266835 4.12549089998693 9.0402054102298 5.72010692387383 4.36268887731133 4.41070378721763 
gnm19     0.811625248976519 4.44119234448135 4.20424660535495 4.05906874708339 4.402811000307 4.43498053253922 4.47763359360646 4.45975372449087 4.40254505290547 4.50324107533716 5.14433122380509 4.28926493630061 4.51131496174005 4.01267242434511 0.744364645820364 0.750912103455588 0.548798566401493 0.635776650262659 0 4.44208563374012 4.44093108704491 4.42293596087258 4.43495388456372 9.6427874582024 4.44235425828847 0.804634441040686 3.22406785354814 5.94130963553592 4.91808034802104 4.41326518719119 4.36343153115532 4.39401861991216 4.49911806595227 4.0359966725016 4.2212784499004 4.20593421526215 4.2027834160958 4.32533812723298 4.16390114924668 0.81388436046795 4.19821307485398 5.17462368590913 0.748448349869751 4.2841593718873 4.31665014942356 5.18033902024057 6.00939649761477 4.24122601475971 4.30715057006018 4.19191994701531 4.22795647350147 4.08520128048788 4.32963858346209 4.19321065934264 4.27947252455897 4.06044265458115 4.41010673750419 4.10472306382511 4.32979883103626 4.35318723890401 4.37919549421131 4.41343981293627 0.796878395052613 0.562461825130603 0.792220278817922 0.748881016575614 0.853810350436327 4.33596818643809 4.11520650429893 4.39678376400618 4.46780246469479 6.90618763014317 4.30463742500817 3.67954018013128 3.74278309456824 4.19239654334772 4.33831687969792 4.29759595947597 4.31601760296948 4.20586358605427 4.38337066263907 4.11706358694028 4.29500817839832 4.27426647553913 6.84906482897623 6.89584704711531 3.8580491387436 3.81723077945618 4.00941138381384 8.88823108028742 5.57267266763218 4.28756839264767 4.45505413898665 
gnm20     4.590740915332 0.850959783053679 5.19090019121475 6.08199266288803 0.821913171441354 0.95672774428878 0.873332942923797 0.832778962720811 0.74255934942489 0.881708108123472 1.91968155350425 5.35304947407122 2.62044119302715 5.34669729338625 4.62126441148233 4.61753886692004 4.52676398968431 4.44324762924376 4.44208563374012 0 1.08168543297337 1.02722857028938 1.04129616559357 9.68698844308516 1.08186034734413 4.61508731871461 4.38619905655234 6.72740002598638 5.34192889109876 5.18738548928011 5.53872987645071 5.29731802797421 5.62475589676542 5.27568642489397 5.19960624851191 1.13241505450731 2.70302198999734 1.276797978508 5.21486925705017 4.58005586423662 5.30593638298991 3.43887362010589 4.62219677625451 5.22179195792557 5.22602460098465 3.43559807186333 6.75589204355805 5.18324031348473 5.26684993993905 5.5256446629391 1.19336769140494 0.968161633917166 1.2803989143522 5.41994340479789 1.0228549131005 5.35360474046868 5.30416492662128 5.24175530566466 5.51773919251707 5.75166005069515 5.34164693839974 0.890986890110281 4.59345602788735 4.41930371793736 4.62668316537 4.61834085944943 4.57291073748936 5.16088520927545 5.20445225202095 1.25942997962022 1.06784039035812 7.88685723336598 1.25174313821031 5.96227435055477 4.4477180073901 5.43419853382941 5.35258324769768 5.12359642030268 5.2659973711636 0.971937327341748 5.14281128451866 5.24593498623082 5.50925809428703 2.78300810321071 7.64780817018416 7.75551537772764 5.3209727157038 4.79643702619413 5.34442054780899 9.1760216474233 5.9617723485909 2.54959211604629 1.13479091774218 
gnm21     4.4469846819811 0.902463691027726 5.17610644495067 6.02575322982928 0.850154331714826 0.991113416850601 0.93179920049885 0.8847575675045 0.781797878480423 0.961655286195362 1.93274770035486 5.332370165419 2.7526846190654 5.2956702839354 4.47656997901482 4.46711335868688 4.39465605426183 4.33014851454338 4.44093108704491 1.08168543297337 0 1.06687563425092 1.05741576021249 9.68668942979641 1.09542623172309 4.4632220654535 4.40526025722597 6.60744075065241 5.44852154357532 5.1679930107653 5.40143062326928 5.25411997106236 5.51694564136806 5.2180957712985 5.1850942502086 1.21606031557293 2.84672702943359 1.29105999291222 5.16143184219949 4.42887546041519 5.3315008059782 3.5520466279561 4.47759003188043 5.24414663441979 5.22512353168951 3.5486848769327 6.59379293923979 5.19363987366098 5.25144355096065 5.44897083605563 1.22414523010206 1.02674275764639 1.32341128326547 5.31994740757814 1.09290664549585 5.31139449136845 5.26333164926644 5.22261617012147 5.34561431585494 5.6236308828493 5.27257774069311 0.911531103394108 4.44227820512203 4.29861894894664 4.47185340052234 4.4679405276522 4.39807622831288 5.15253633655444 5.12465290906092 1.27917537368107 1.10749332878324 7.52739222514464 1.39723980440018 5.82294970424547 4.44178020060768 5.35875095532977 5.20614710973451 5.02056813769793 5.42208314370404 1.00405304064082 5.14288785890253 5.22109934372152 5.33919631864046 2.89283126154565 7.53883869626304 7.4649883432446 5.17723929449189 4.8078576470203 5.29338259506665 9.17389205922788 5.83031177857875 2.57669875522402 1.1532878340418 
gnm22     4.55595928726288 0.893939705496476 5.22068788934163 6.09680428425119 0.864081237183937 0.996147683139023 0.914856385822071 0.875166916012133 0.783969513397978 0.928809930424964 1.93355455467642 5.26072454014605 2.6722786334216 5.35098616108336 4.58634536424097 4.58323160350831 4.50883562682937 4.43424425255713 4.42293596087258 1.02722857028938 1.06687563425092 0 1.03815653321514 9.69280607832711 1.08358213377218 4.57798399213065 4.37274418020425 6.65553189620047 5.34846998700207 5.14162543966164 5.45695136841444 5.31254587654063 5.57402233941573 5.27523246073243 5.22957433673271 1.15617375245417 2.69358243524045 1.30313273729974 5.19044938185715 4.54250148402901 5.37548290563903 3.4461352366576 4.58749851691271 5.1590310919522 5.26192533711505 3.44283745718149 6.64102975387402 5.2375257142775 5.30101976500846 5.5052217772367 1.20811233224664 0.98391762807318 1.30083499433274 5.37753357691592 1.06270065919353 5.36665713528007 5.29031805505971 5.27871635112841 5.40339171502901 5.68105249525289 5.32952359336747 0.934023468586518 4.55774891867326 4.41019390725423 4.58872161378756 4.58405316480044 4.50325102235889 5.19690229415875 5.17382429840326 1.2625984313807 1.06880049059245 7.50497417022105 1.24756113216257 5.98157706282637 4.41383636617428 5.39021986457972 5.2226089166003 5.07677606608231 5.22795029835376 0.984868126909576 5.17934535620749 5.2777004964122 5.39660295360079 2.79875102245137 7.54847132450296 7.45634793260012 5.08054028341879 4.7684366695769 5.34868460510778 9.18566291400863 5.93147530368659 2.58075712376797 1.13643021831383 
gnm23     4.56841533245646 0.875575128002558 5.22263735423893 6.08918928337352 0.84482699563513 0.969775338452206 0.896945754860484 0.855613782391346 0.760540348192935 0.911120799650376 1.9298839552533 5.27072546719884 2.6947707828517 5.36269311428986 4.5985872613681 4.59549823015569 4.52110138935321 4.45050477447792 4.43495388456372 1.04129616559357 1.05741576021249 1.03815653321514 0 9.6912247247632 1.07931882197644 4.59025025911634 4.39094501483144 6.65824809758182 5.35531127844183 5.15746001704761 5.45281539217594 5.30723633872498 5.56939609762609 5.26789803347641 5.23152418443253 1.16937633423086 2.71115636994074 1.29428133734435 5.20208307997864 4.55636356228867 5.36767124708558 3.46456644022374 4.59975787767456 5.16920769265425 5.26209371268944 3.46126417082808 6.64356071940859 5.23739053300988 5.30166992837647 5.51536125997923 1.21108410905759 1.00796509334497 1.30969927110008 5.37295170624139 1.05439690931378 5.36254011619797 5.28547051947674 5.27382221750814 5.3986059633454 5.67659896998373 5.32461616626775 0.907537633059743 4.57102678816894 4.42258933308794 4.60069593267604 4.5963170379483 4.51501477379896 5.19695832956841 5.18409515623396 1.2560071484772 1.05987997018142 7.53858339822554 1.25511556740366 5.97764204758759 4.42961697125406 5.38743089091532 5.21452765775998 5.08476338025841 5.23878208744666 0.967024032017377 5.17947648343526 5.26951164133632 5.39221523532557 2.82228539056352 7.56928826628267 7.4945323458732 5.09373482651198 4.78727453471418 5.36040040066078 9.18498585681188 5.93871234961877 2.59041332321963 1.1342195758913 
gnm24     9.62571807115421 9.71152649844722 9.46792900981523 9.48436691190325 9.71163173516163 9.70952944548993 9.71375819248612 9.71200648074695 9.71206333040788 9.71348970174801 9.64213160103492 9.40143212371958 9.68379776973552 9.45795651075828 9.63154089665642 9.62949315766983 9.63790105164708 9.63047979540717 9.6427874582024 9.68698844308516 9.68668942979641 9.69280607832711 9.6912247247632 0 9.69635779595671 9.63217465312145 9.18853467426304 9.56779230334926 9.37980932415073 9.61586954176265 9.45545898593261 9.44496110218326 9.44462398849366 9.48273406766176 9.46545801139482 9.69756497669353 9.65807240717568 9.68889032981608 9.4787666019099 9.63012746019254 9.48064240203916 9.60291342652156 9.62974345959656 9.36553489826599 9.45250341832209 9.60370174648573 9.5579041406189 9.47662241992809 9.48066675665437 9.39338543401411 9.69823999444492 9.70262534458645 9.67395357873613 9.46335421594728 9.70299042767266 9.4567781541402 9.46542095647892 9.47322837133974 9.45912017955254 9.46363892181453 9.46792826861609 9.71249543036194 9.62686916507393 9.6381054712994 9.62466725921585 9.62956777052078 9.38597673883945 9.47404781375377 9.48347081002063 9.69512216822564 9.69242920132639 9.38948219191441 9.67686935868103 9.4097392575682 9.18926920122808 9.4775540506155 9.48851897265213 9.51595766342147 9.51624124700137 9.6974660780192 9.488542082901 9.48241656383694 9.4784872573775 9.66386614030693 9.48226459002341 9.46333850032427 9.12801686342142 9.16746702662218 9.4575809879729 9.98037315170382 9.493179978548 9.66721957431184 9.69292449868944 
gnm25     4.51795978511278 0.783746934515357 5.26495471290742 6.10672532606795 0.744642558505523 0.937079403522681 0.83842032903135 0.793505688601826 0.767248321745886 0.862747171333627 1.84996141684825 5.19893304549466 2.81929028413469 5.35990975572692 4.54811664492861 4.54497127156222 4.53694554634686 4.39659358354466 4.44235425828847 1.08186034734413 1.09542623172309 1.08358213377218 1.07931882197644 9.69635779595671 0 4.53987365946185 4.3823843893493 6.56735264822557 5.43746424611651 5.15763101109446 5.45472142336577 5.30479347210176 5.57009226366299 5.28399558372737 5.27962278344216 1.12745782225421 2.77458433410575 1.24354769848799 5.22615761666402 4.50423877142534 5.3760571912102 3.6070827995424 4.54919388796489 5.14109557670843 5.32020014094391 3.61030678670576 6.5554682571914 5.28259816291451 6.39160890550641 5.50147913152966 1.25074397040436 1.04671542245209 1.2541699752407 5.37535003649459 1.06380948194209 5.40674470014072 5.27779571023578 5.27241422241966 5.38785923399399 5.67270852518248 5.31946887897094 0.826555792966185 4.51927228238199 4.43900772451717 4.55061906318399 4.54579782237527 4.46840378870101 5.21650596740721 5.2292886969368 1.32598260043401 1.0511333922857 7.45350858776813 1.20712258499484 6.02852884805138 4.3713944470295 5.35812854872871 5.26806588960836 5.10796568089193 5.3002176525088 0.992779529104116 5.18823995551563 5.27936332393235 5.3814041683791 2.84204034757628 7.48322293745656 7.40937117390626 4.92246446451337 4.78099040774007 5.35761158115646 9.19706917490681 6.08687122718314 2.66813426588243 1.03102176568898 
