((gnm6:4.97294,(gnm87:4.99236,(gnm41:4.99772,(gnm55:4.99938,
(gnm51:4.99983,(gnm26:4.99995,(gnm82:4.99999,(gnm30:5.00000,
(gnm43:5.00000,(gnm83:5.00000,(gnm93:5.00000,(gnm40:5.00000,
(gnm69:5.00000,(gnm52:5.00000,((((((((((((((gnm61:5.00143,
gnm57:4.99857):0.00039,gnm36:4.99961):0.00011,gnm48:4.99989):0.00003,
gnm56:4.99997):0.00001,gnm9:4.99999):0.00000,gnm35:5.00000):0.00000,
gnm32:5.00000):0.00000,gnm22:5.00000):0.00000,gnm85:5.00000):0.00000,
gnm50:5.00000):0.00000,gnm88:5.00000):0.00000,gnm58:5.00000):0.00000,
(((((((((((((((gnm15:4.94433,gnm33:5.05567):0.01538,gnm5:4.98462):0.00442,
gnm86:4.99558):0.00120,gnm76:4.99880):0.00033,gnm18:4.99967):0.00009,
gnm68:4.99991):0.00003,gnm39:4.99997):0.00001,gnm12:4.99999):0.00000,
gnm54:5.00000):0.00000,gnm78:5.00000):0.00000,gnm13:5.00000):0.00000,
gnm4:5.00000):0.00000,gnm92:5.00000):0.00000,gnm38:5.00000):0.00000,
gnm77:5.00000):0.00000):0.00000,(((((((((((((((((gnm28:4.87356,
gnm63:5.12644):0.03438,gnm17:4.96562):0.00962,gnm65:4.99038):0.00283,
gnm10:4.99717):0.00077,gnm34:4.99923):0.00021,gnm81:4.99979):0.00006,
gnm37:4.99994):0.00002,gnm46:4.99998):0.00000,gnm24:5.00000):0.00000,
gnm71:5.00000):0.00000,gnm53:5.00000):0.00000,gnm23:5.00000):0.00000,
gnm72:5.00000):0.00000,gnm8:5.00000):0.00000,gnm70:5.00000):0.00000,
(((((((((((((((gnm79:4.93097,gnm90:5.06903):0.01930,gnm80:4.98070):0.00567,
gnm45:4.99433):0.00180,gnm75:4.99820):0.00049,gnm91:4.99951):0.00013,
gnm29:4.99987):0.00004,gnm59:4.99996):0.00001,gnm67:4.99999):0.00000,
gnm31:5.00000):0.00000,gnm27:5.00000):0.00000,gnm73:5.00000):0.00000,
gnm47:5.00000):0.00000,gnm11:5.00000):0.00000,gnm66:5.00000):0.00000,
gnm21:5.00000):0.00000):0.00000,(((((((((((((((gnm7:4.91436,
gnm2:5.08564):0.02357,gnm14:4.97643):0.00673,gnm42:4.99327):0.00205,
gnm62:4.99795):0.00056,gnm16:4.99944):0.00015,gnm49:4.99985):0.00004,
gnm74:4.99996):0.00001,gnm64:4.99999):0.00000,gnm60:5.00000):0.00000,
gnm84:5.00000):0.00000,gnm89:5.00000):0.00000,gnm25:5.00000):0.00000,
gnm20:5.00000):0.00000,gnm3:5.00000):0.00000,gnm19:5.00000):0.00000):0.00000):0.00000):0.00000):0.00000):0.00000):0.00000):0.00000):0.00000):0.00000):0.00001):0.00005):0.00017):0.00062):0.00228):0.00764):0.02706,
gnm44:4.90099,gnm1:5.09901);
