((Sta_ISPi:4.97294,(Sta_phiIPLAC1Ci:4.99236,(Sta_SA11i:4.99772,(Sta_S254_DNAi:4.99938,
(Bac_CampHawki:4.99983,(Sta_IMESA119i:4.99995,(Bac_Moonbeami:4.99999,(Lis_A511i:5.00000,
(Bac_phiAGATEi:5.00000,(Sta_phiIPLARODIi:5.00000,(Bac_SPG24:5.00000,(Sta_GH15i:5.00000,
(Lis_LP0832i:5.00000,(Bac_Spocki:5.00000,((((((((((((((Bac_Hoody_Ti:5.00143,
Sta_Sb1i:4.99857):0.00039,Bac_Bastillei:4.99961):0.00011,Bac_phiNIT1_DNAi:4.99989):0.00003,
Sta_S253_DNAi:4.99997):0.00001,Sta_Staph1Ni:4.99999):0.00000,Bac_W_Ph_i:5.00000):0.00000,
Bac_SPO1i:5.00000):0.00000,Lis_LMTA57i:5.00000):0.00000,Bac_TsarBombai:5.00000):0.00000,
Sta_vB_SauM_Remusi:5.00000):0.00000,Bac_JLi:5.00000):0.00000,Bac_BPS10Ci:5.00000):0.00000,
(((((((((((((((Bac_SIOphi_partial_genome:4.94433,Lac_Lb3381i:5.05567):0.01538,Sta_A5Wi:4.98462):0.00442,
Bac_Eyukii:4.99558):0.00120,Sta_P108i:4.99880):0.00033,Lis_LP064i:4.99967):0.00009,
Lis_List36i:4.99991):0.00003,Bac_B4i:4.99997):0.00001,Sta_MSA6i:4.99999):0.00000,
Bac_Grassi:5.00000):0.00000,Ent_ECP3i:5.00000):0.00000,Sta_P4Wi:5.00000):0.00000,
Lis_P100i:5.00000):0.00000,Bac_Bp8pCi:5.00000):0.00000,Bac_BCP78i:5.00000):0.00000,
Lis_WIL1i:5.00000):0.00000):0.00000,(((((((((((((((((Sta_Tworti:4.87356,
Bac_Megatroni:5.12644):0.03438,Bac_Bp8pTi:4.96562):0.00962,Bac_CAM003i:4.99038):0.00283,
Sta_A3Ri:4.99717):0.00077,Bro_A9i:4.99923):0.00021,Bac_Materi:4.99979):0.00006,
Bac_BPS13i:4.99994):0.00002,Sta_vB_SauM_Romulusi:4.99998):0.00000,Sta_IMESA2i:5.00000):0.00000,
Bac_Rileyi:5.00000):0.00000,Bac_BigBerthai:5.00000):0.00000,Sta_IMESA1i:5.00000):0.00000,
Bac_Bobbi:5.00000):0.00000,Bac_BCU4i:5.00000):0.00000,Lis_LMTA148i:5.00000):0.00000,
(((((((((((((((Bac_JBP901i:4.93097,Ent_EFDG1i:5.06903):0.01930,Bac_BCP82i:4.98070):0.00567,
Bac_cereus_vB_BceM_Bc431v3i:4.99433):0.00180,Bac_CP51i:4.99820):0.00049,Ent_EFLK1i:4.99951):0.00013,
Sta_G1i:4.99987):0.00004,Sta_phiSA012_DNAi:4.99996):0.00001,Lis_LMSP25i:4.99999):0.00000,
Ent_phiEF24Ci:5.00000):0.00000,Lac_LP65i:5.00000):0.00000,Sta_MCE2014i:5.00000):0.00000,
Lis_LP125i:5.00000):0.00000,Sta_Fi200Wi:5.00000):0.00000,Lis_LP048i:5.00000):0.00000,
Lis_LMTA94i:5.00000):0.00000):0.00000,(((((((((((((((Bac_B5Si:4.91436,
Sta_Ki:5.08564):0.02357,Sta_SA5i:4.97643):0.00673,Sta_JD007i:4.99327):0.00205,
Bac_Evolii:4.99795):0.00056,Sta_phiIBBSEP1i:4.99944):0.00015,Bac_Trolli:4.99985):0.00004,
Sta_Team1i:4.99996):0.00001,Bac_Hakunai:4.99999):0.00000,Bac_Bcp1i:5.00000):0.00000,
Bac_AvesoBmorei:5.00000):0.00000,Bac_Shanettei:5.00000):0.00000,Sta_IMESA118i:5.00000):0.00000,
Lis_LMTA34i:5.00000):0.00000,Ent_phiEF24CP2_DNAi:5.00000):0.00000,Lis_LP124i:5.00000):0.00000):0.00000):0.00000):0.00000):0.00000):0.00000):0.00000):0.00000):0.00000):0.00000):0.00001):0.00005):0.00017):0.00062):0.00228):0.00764):0.02706,
Lis_vB_LmoM_AG20i:4.90099,Sta_676Zi:5.09901);
